011 005 006 003 002 001 012 006 003 000 010 000 000 010 
006 003 001 010 002 008 001 000 009 005 002 003 010 011 
008 003 010 006 000 002 012 009 010 001 006 008 009 004 
009 007 011 011 000 009 004 002 000 011 008 007 000 001 
003 006 012 000 010 007 011 002 002 010 003 001 005 008 
006 003 007 006 002 006 000 008 009 004 000 007 012 011 
004 000 005 011 012 007 002 001 002 009 000 003 004 012 
007 007 007 012 011 008 005 000 007 008 011 005 007 008 
011 012 001 006 003 010 011 008 005 007 010 002 011 010 
-01 012 011 007 006 007 006 012 001 004 001 001 009 -01 
-01 010 012 004 003 010 009 002 008 010 001 009 001 -01 
008 005 012 002 008 004 004 004 004 001 005 004 003 -01 
005 009 009 012 008 005 005 012 005 005 009 009 002 -01 

011 009 003 -01 002 001 012 004 012 000 009 001 000 004 
012 004 004 010 002 004 001 000 009 005 002 003 012 003 
008 007 006 -01 000 002 012 008 010 006 010 006 005 010 
010 001 009 008 000 009 010 002 002 011 008 007 001 003 
003 006 008 000 010 011 003 009 009 010 003 002 001 008 
012 005 007 006 002 004 008 008 009 010 011 007 012 007 
004 000 000 011 012 006 002 000 002 009 003 -01 004 003 
001 009 010 003 011 005 005 011 007 001 -01 005 000 007 
000 012 001 004 009 010 009 011 005 012 010 000 011 009 
007 007 005 007 006 007 008 012 008 006 008 001 001 -01 
011 010 003 011 003 009 002 011 012 005 001 007 001 001 
006 000 004 011 008 006 007 004 004 006 007 008 006 000 
005 012 010 012 002 005 005 011 005 005 002 008 002 -01 
